%% 2013 temperature data for each region


JAN = [ 7.8900
7.8900
8.5000
9.4200
10.2300
9.5200
8.1000
8.4700
8.4300
8.0100
7.8700
7.9700
7.5300
7.6300
7.6300 ];
